"use strict";

Object.defineProperty(exports, "__esModule", {
  value: true
});
exports.referenceWhiteConstants = exports.invM2 = exports.invM1 = exports.M2 = exports.M1 = void 0;
const referenceWhiteConstants = exports.referenceWhiteConstants = {
  x: 95.047,
  y: 100,
  z: 108.883
};
const M1 = exports.M1 = [[0.8189330101, 0.3618667424, -0.1288597137], [0.0329845436, 0.9293118715, 0.0361456387], [0.0482003018, 0.2643662691, 0.633851707]];
const M2 = exports.M2 = [[0.2104542553, 0.793617785, -0.0040720468], [1.9779984951, -2.428592205, 0.4505937099], [0.0259040371, 0.7827717662, -0.808675766]];
const invM1 = exports.invM1 = [[1.2270138511035211, -0.5577999806518222, 0.28125614896646783], [-0.04058017842328059, 1.1122568696168302, -0.07167667866560119], [-0.0763812845057069, -0.4214819784180127, 1.586163220440795]];
const invM2 = exports.invM2 = [[0.9999999984505199, 0.3963377921737679, 0.21580375806075883], [1.0000000088817609, -0.10556134232365635, -0.0638541747717059], [1.000000054672411, -0.08948418209496577, -1.291485537864092]];
//# sourceMappingURL=constants.js.map